********************************************************************************
Sorting Algorithm Experiment Results
Each table entry is the trimmed average of 100 trials.
Blank cells indicate insufficient successful trials.
********************************************************************************

================================================================================
Merge Sort
================================================================================

      Size    Random    Sorted  Reversed Shattered  Rev-Shat  Med-ized   Rev-Med
--------------------------------------------------------------------------------
       100  0.000300  0.000217  0.000232  0.000298  0.000302  0.000256  0.000255
       200  0.000577  0.000409  0.000441  0.000584  0.000575  0.000497  0.000494
       300  0.001036  0.000729  0.000749  0.001051  0.001056  0.000886  0.000912
       400  0.001251  0.000863  0.000913  0.001277  0.001279  0.001072  0.001055
       500  0.001621  0.001142  0.001165  0.001662  0.001657  0.001374  0.001388
       600  0.002040  0.001367  0.001454  0.002049  0.002043  0.001693  0.001714
       700  0.002403  0.001630  0.001707  0.002453  0.002428  0.002033  0.002019
       800  0.002816  0.001869  0.001939  0.002802  0.002864  0.002344  0.002316
       900  0.003229  0.002155  0.002238  0.003292  0.003247  0.002670  0.002686
      1000  0.003566  0.002405  0.002458  0.003626  0.003643  0.002959  0.002945

================================================================================
Quick Sort
================================================================================

      Size    Random    Sorted  Reversed Shattered  Rev-Shat  Med-ized   Rev-Med
--------------------------------------------------------------------------------
       100  0.000204  0.000925  0.001091  0.000179  0.000177  0.000161  0.000436
       200  0.000399  0.003084  0.003622  0.000351  0.000349  0.000314  0.001366
       300  0.000781  0.008291  0.009709  0.000644  0.000656  0.000568  0.004263
       400  0.000956  0.012865  0.014720  0.000828  0.000847  0.000730  0.005530
       500  0.001242  0.019757  0.022643  0.001054  0.001021  0.000851  0.011109
       600  0.001548  0.028224  0.032639  0.001338  0.001318  0.001111  0.014165
       700  0.001915  0.038876  0.045239  0.001638  0.001637  0.001430  0.016926
       800  0.002202  0.049774  0.058522  0.001908  0.001838  0.001616  0.021330
       900  0.002463  0.063757  0.075307  0.002144  0.002148  0.001803  0.032198
      1000  0.002790                      0.002303  0.002283  0.001918  0.044612

================================================================================
Bubble Sort
================================================================================

      Size    Random    Sorted  Reversed Shattered  Rev-Shat  Med-ized   Rev-Med
--------------------------------------------------------------------------------
       100  0.001415  0.000011  0.001990  0.001510  0.001334  0.000127  0.001886
       200  0.004652  0.000017  0.006346  0.004753  0.004389  0.000225  0.006109
       300  0.011012  0.000026  0.014926  0.010862  0.010491  0.000395  0.014478
       400  0.020125  0.000037  0.027281  0.020319  0.019361  0.000557  0.026482
       500  0.032527  0.000048  0.043819  0.032676  0.031315  0.000711  0.042578
       600  0.047623  0.000057  0.064088  0.047478  0.046414  0.000966  0.063172
       700  0.065713  0.000067  0.089229  0.065498  0.064456  0.001129  0.085936
       800  0.089130  0.000078  0.118806  0.088722  0.085926  0.001312  0.115751
       900  0.112999  0.000087  0.149859  0.115914  0.111859  0.001526  0.147787
      1000  0.139420  0.000097  0.186686  0.141965  0.135484  0.001674  0.183065

================================================================================
Insertion Sort
================================================================================

      Size    Random    Sorted  Reversed Shattered  Rev-Shat  Med-ized   Rev-Med
--------------------------------------------------------------------------------
       100  0.000473  0.000015  0.000950  0.000487  0.000448  0.000063  0.000883
       200  0.001867  0.000030  0.003830  0.001903  0.001806  0.000143  0.003629
       300  0.004376  0.000046  0.008803  0.004414  0.004236  0.000244  0.008527
       400  0.007735  0.000062  0.015603  0.007835  0.007564  0.000338  0.015158
       500  0.012532  0.000079  0.024916  0.012609  0.012301  0.000430  0.024380
       600  0.018503  0.000095  0.036553  0.018550  0.018256  0.000568  0.035785
       700  0.025440  0.000114  0.050230  0.025527  0.025127  0.000682  0.049206
       800  0.033830  0.000134  0.066332  0.033821  0.033420  0.000803  0.065481
       900  0.044032  0.000145  0.086308  0.043903  0.043944  0.000923  0.086838
      1000  0.057425  0.000188  0.114514  0.057255  0.056323  0.001100  0.110316

